$`0`
 [1] 0.4285714 1.0000000 1.0000000 1.0000000 0.1666667 0.3333333 0.3333333
 [8] 1.0000000 0.3333333 1.0000000 0.4000000 0.4000000

$`1`
 [1] 1.0000000 1.0000000 1.0000000 1.0000000 0.1666667 0.3333333 0.3333333
 [8] 1.0000000 1.0000000 1.0000000 0.4000000 1.0000000

$`2`
 [1] 1.0000000 1.0000000 1.0000000 1.0000000 0.1666667 0.3333333 0.3333333
 [8] 1.0000000 1.0000000 1.0000000 0.4000000 1.0000000

$`3`
 [1] 1.0000000 1.0000000 1.0000000 1.0000000 0.1666667 0.3333333 0.3333333
 [8] 1.0000000 1.0000000 1.0000000 0.6000000 1.0000000

$`4`
 [1] 1.0000000 1.0000000 1.0000000 1.0000000 0.1666667 0.3333333 0.3333333
 [8] 1.0000000 1.0000000 1.0000000 0.6000000 1.0000000

$`5`
 [1] 1.0000000 1.0000000 1.0000000 1.0000000 0.1666667 0.3333333 0.3333333
 [8] 1.0000000 1.0000000 1.0000000 1.0000000 1.0000000

$`6`
 [1] 1.0000000 1.0000000 1.0000000 1.0000000 0.1666667 0.3333333 0.3333333
 [8] 1.0000000 1.0000000 1.0000000 1.0000000 1.0000000

$`7`
 [1] 1.0000000 1.0000000 1.0000000 1.0000000 0.1666667 0.3333333 0.3333333
 [8] 1.0000000 1.0000000 1.0000000 0.4000000 1.0000000

$`8`
 [1] 1.0000000 1.0000000 1.0000000 1.0000000 0.1666667 0.3333333 0.3333333
 [8] 1.0000000 1.0000000 1.0000000 0.4000000 1.0000000

$`9`
 [1] 1.0000000 1.0000000 1.0000000 1.0000000 0.5000000 0.3333333 1.0000000
 [8] 1.0000000 1.0000000 1.0000000 0.4000000 1.0000000

$`10`
 [1] 1.0000000 1.0000000 1.0000000 1.0000000 0.5000000 0.3333333 1.0000000
 [8] 1.0000000 1.0000000 1.0000000 1.0000000 1.0000000

$`20`
 [1] 1.0000000 1.0000000 1.0000000 1.0000000 1.0000000 1.0000000 0.3333333
 [8] 1.0000000 1.0000000 1.0000000 1.0000000 1.0000000

$`30`
 [1] 1 1 1 1 1 1 1 1 1 1 1 1

$`40`
 [1] 1 1 1 1 1 1 1 1 1 1 1 1

$`50`
 [1] 1 1 1 1 1 1 1 1 1 1 1 1

$`60`
 [1] 1 1 1 1 1 1 1 1 1 1 1 1

$`70`
 [1] 1 1 1 1 1 1 1 1 1 1 1 1

$`80`
 [1] 1 1 1 1 1 1 1 1 1 1 1 1

$KF
 [1] 1.0000000 1.0000000 1.0000000 1.0000000 0.5000000 0.3333333 0.3333333
 [8] 1.0000000 1.0000000 1.0000000 1.0000000 1.0000000

$`0`
[1] 0.6162698

$`1`
[1] 0.7694444

$`2`
[1] 0.7694444

$`3`
[1] 0.7861111

$`4`
[1] 0.7861111

$`5`
[1] 0.8194444

$`6`
[1] 0.8194444

$`7`
[1] 0.7694444

$`8`
[1] 0.7694444

$`9`
[1] 0.8527778

$`10`
[1] 0.9027778

$`20`
[1] 0.9444444

$`30`
[1] 1

$`40`
[1] 1

$`50`
[1] 1

$`60`
[1] 1

$`70`
[1] 1

$`80`
[1] 1

$KF
[1] 0.8472222

$`0`
[1] 5

$`1`
[1] 8

$`2`
[1] 8

$`3`
[1] 8

$`4`
[1] 8

$`5`
[1] 9

$`6`
[1] 9

$`7`
[1] 8

$`8`
[1] 8

$`9`
[1] 9

$`10`
[1] 10

$`20`
[1] 11

$`30`
[1] 12

$`40`
[1] 12

$`50`
[1] 12

$`60`
[1] 12

$`70`
[1] 12

$`80`
[1] 12

$KF
[1] 9

