$`0`
 [1] 0.3333333 1.0000000 0.0000000 0.4000000 0.2000000 1.0000000 0.1666667
 [8] 0.1000000 0.1000000 0.3333333 1.0000000 0.2000000 0.5000000 0.1666667
[15] 0.5000000

$`1`
 [1] 0.3333333 1.0000000 0.0000000 0.4000000 0.4000000 1.0000000 0.1666667
 [8] 0.1000000 0.1000000 1.0000000 0.4000000 0.4000000 0.3333333 0.1666667
[15] 0.3333333

$`2`
 [1] 1.0 1.0 0.0 0.4 1.0 1.0 0.5 0.1 0.1 1.0 1.0 1.0 1.0 0.5 1.0

$`3`
 [1] 1.0 1.0 0.0 0.4 1.0 1.0 0.5 0.1 0.1 1.0 1.0 1.0 1.0 0.5 1.0

$`4`
 [1] 1.0 1.0 0.0 0.4 1.0 1.0 0.5 0.1 0.1 1.0 1.0 1.0 1.0 0.5 1.0

$`5`
 [1] 1.0 1.0 0.0 0.4 1.0 1.0 0.5 0.1 0.1 1.0 1.0 1.0 1.0 0.5 1.0

$`6`
 [1] 1.0 1.0 0.0 0.4 1.0 1.0 0.5 0.1 0.1 1.0 1.0 1.0 1.0 0.5 1.0

$`7`
 [1] 1.0 1.0 0.0 0.4 1.0 1.0 0.5 0.1 0.1 1.0 1.0 1.0 1.0 0.5 1.0

$`8`
 [1] 1.0 1.0 0.0 0.4 1.0 1.0 0.5 0.1 0.1 1.0 1.0 1.0 1.0 0.5 1.0

$`9`
 [1] 1.0 1.0 0.0 0.4 1.0 1.0 0.5 0.1 0.1 1.0 1.0 1.0 1.0 0.5 1.0

$`10`
 [1] 1.0 1.0 0.0 0.4 1.0 1.0 0.5 0.1 0.1 1.0 1.0 1.0 1.0 0.5 1.0

$`20`
 [1] 1.0 1.0 0.0 0.4 1.0 1.0 0.5 0.1 0.1 1.0 1.0 1.0 1.0 0.5 1.0

$`30`
 [1] 1.0 1.0 0.0 0.4 1.0 1.0 0.5 0.1 0.1 1.0 1.0 1.0 1.0 0.5 1.0

$`40`
 [1] 1.0 1.0 0.0 0.4 1.0 1.0 0.5 0.1 0.1 1.0 1.0 1.0 1.0 0.5 1.0

$`50`
 [1] 1.0 1.0 0.0 0.4 1.0 1.0 0.5 0.1 0.1 1.0 1.0 1.0 1.0 0.5 1.0

$`60`
 [1] 1.0 1.0 0.0 0.4 1.0 1.0 0.5 0.1 0.1 1.0 1.0 1.0 1.0 1.0 1.0

$`70`
 [1] 1.0 1.0 0.0 0.4 1.0 1.0 0.5 0.1 0.1 1.0 1.0 1.0 1.0 1.0 1.0

$`80`
 [1] 1.0 1.0 0.0 0.4 1.0 1.0 0.5 0.1 0.1 1.0 1.0 1.0 1.0 1.0 1.0

$KF
 [1] 1.0 1.0 0.0 0.4 0.4 0.6 0.5 0.1 0.1 1.0 1.0 1.0 1.0 1.0 1.0

$`0`
[1] 0.4

$`1`
[1] 0.4088889

$`2`
[1] 0.7066667

$`3`
[1] 0.7066667

$`4`
[1] 0.7066667

$`5`
[1] 0.7066667

$`6`
[1] 0.7066667

$`7`
[1] 0.7066667

$`8`
[1] 0.7066667

$`9`
[1] 0.7066667

$`10`
[1] 0.7066667

$`20`
[1] 0.7066667

$`30`
[1] 0.7066667

$`40`
[1] 0.7066667

$`50`
[1] 0.7066667

$`60`
[1] 0.74

$`70`
[1] 0.74

$`80`
[1] 0.74

$KF
[1] 0.6733333

$`0`
[1] 3

$`1`
[1] 3

$`2`
[1] 9

$`3`
[1] 9

$`4`
[1] 9

$`5`
[1] 9

$`6`
[1] 9

$`7`
[1] 9

$`8`
[1] 9

$`9`
[1] 9

$`10`
[1] 9

$`20`
[1] 9

$`30`
[1] 9

$`40`
[1] 9

$`50`
[1] 9

$`60`
[1] 10

$`70`
[1] 10

$`80`
[1] 10

$KF
[1] 8

